berlin52_n51_bounded-strongly-corr_03.ttp
População inicial 11923.7
9240.63 10938.9 10225 10194 10225 9754.81 10482.5 10031.7 8921.06 10555.1 10339.2 10225 9544.45 11923.7 9139.2 8921.06 10339.2 10031.7 
Selection 11923.7
Crossover 11923.7
Mutation 11923.7
Validation 11923.7
9388.59 9388.59 6421.75 9388.59 9388.59 9388.59 9388.59 9388.59 9388.59 9388.59 9388.59 6421.75 9388.59 9388.59 6421.75 9388.59 9388.59 9388.59 
Selection 11923.7
Crossover 11923.7
Mutation 11923.7
Validation 11923.7
10555.1 10339.2 10555.1 10339.2 10555.1 10339.2 10555.1 10555.1 10555.1 10555.1 10555.1 10555.1 10339.2 10555.1 10339.2 10339.2 10555.1 10555.1 
Selection 11923.7
Crossover 11923.7
Mutation 11923.7
Validation 11923.7
3616.69 3616.69 3616.69 3616.69 3616.69 3616.69 3616.69 3616.69 2975.61 3616.69 3616.69 2975.61 3616.69 3616.69 2975.61 2975.61 2975.61 3616.69 
Selection 11923.7
Crossover 11923.7
Mutation 11923.7
Validation 11923.7
10555.1 10555.1 10555.1 10555.1 10555.1 10555.1 10555.1 10555.1 10555.1 10555.1 10555.1 10555.1 10555.1 10555.1 10555.1 10555.1 10555.1 10555.1 
Selection 11923.7
Crossover 11923.7
Mutation 11923.7
Validation 11923.7
2975.61 3616.69 3616.69 3616.69 3616.69 3616.69 3616.69 2975.61 2975.61 3616.69 3616.69 2975.61 3616.69 2975.61 3616.69 3616.69 2975.61 3616.69 
Selection 11923.7
Crossover 11923.7
Mutation 11923.7
Validation 11923.7
3616.69 3616.69 3616.69 3616.69 3616.69 3616.69 3616.69 3616.69 3616.69 3616.69 3616.69 3616.69 3616.69 3616.69 3616.69 3616.69 3616.69 3616.69 
Selection 11923.7
Crossover 11923.7
Mutation 11923.7
Validation 11923.7
3616.69 3616.69 3616.69 3616.69 3616.69 3616.69 3616.69 3616.69 3616.69 3616.69 3616.69 3616.69 3616.69 3616.69 3616.69 3616.69 3616.69 3616.69 
Selection 11923.7
Crossover 11923.7
Mutation 11923.7
Validation 11923.7
3616.69 3616.69 3616.69 3616.69 3616.69 3616.69 3616.69 3616.69 3616.69 3616.69 3616.69 3616.69 3616.69 3616.69 3616.69 3616.69 3616.69 3616.69 
Selection 11923.7
Crossover 11923.7
Mutation 11923.7
Validation 11923.7
3616.69 3616.69 3616.69 3616.69 3616.69 3616.69 3616.69 3616.69 3616.69 3616.69 3616.69 3616.69 3616.69 3616.69 3616.69 3616.69 3616.69 3616.69 
Selection 11923.7
Crossover 11923.7
Mutation 11923.7
Validation 11923.7
Genetico 11923.7
