berlin52_n51_bounded-strongly-corr_03.ttp
[22,49,11,41,7,3,5,45,38,13,8,4,51,29,28,52,44]
[21,48,10,40,6,2,4,44,37,12,7,3,50,28,27,51,43]
[24,32,41,15,46,39,30,7,43,22,20,3,5,45,4,50,2]
[23,31,40,14,45,38,29,6,42,21,19,2,4,44,3,49,1]
[45,22,49,51,44,23,6,25,39,34,42,7,14,5,26,47,12,4,19,2]
[44,21,48,50,43,22,5,24,38,33,41,6,13,4,25,46,11,3,18,1]
[32,17,51,40,43,20,31,14,49,37,22,45,19,5,2,3,50,4]
[31,16,50,39,42,19,30,13,48,36,21,44,18,4,1,2,49,3]
[52,13,21,49,28,42,19,51,29,25,31,48,2,16,18,26,3,50,20,4,5]
[51,12,20,48,27,41,18,50,28,24,30,47,1,15,17,25,2,49,19,3,4]
[50,47,39,18,28,42,38,48,6,20,2,10,43,3,51,5,4]
[49,46,38,17,27,41,37,47,5,19,1,9,42,2,50,4,3]
[37,33,17,49,32,7,4,5,11,52,48,28,43,19,2,3]
[36,32,16,48,31,6,3,4,10,51,47,27,42,18,1,2]
[18,12,27,9,20,2,43,13,51,32,31,10,35,45,19,34,28,6,21,52,5,4,3]
[17,11,26,8,19,1,42,12,50,31,30,9,34,44,18,33,27,5,20,51,4,3,2]
[18,35,5,32,25,16,34,26,11,10,2,22,29,44,41,28,4,3]
[17,34,4,31,24,15,33,25,10,9,1,21,28,43,40,27,3,2]
[15,7,31,36,51,5,25,12,43,34,48,21,50,17,2,19,3,4]
[14,6,30,35,50,4,24,11,42,33,47,20,49,16,1,18,2,3]
