C:\Users\Rafae\Documents\GitHub\MTTP>a pvanet_berlin52
berlin52_n153_bounded-strongly-corr_03.ttp
1 ladrao(oes) - Solucao inicial: 29819.4 - Funcao objetivo: 36632.8
[22,32,34,44,46,48,24,5,40,39,36,35]
[82,136,85,35,137,86,39,141,90,38,140,89,135,33,84,94,145,43,147,96,45,98,47,149,23,125,4,106,123]
2 ladrao(oes) - Solucao inicial: 35854.3 - Funcao objetivo: 38445.3
[35,34,39,48,5,40]
[38,89,33,98,149,85,55,140,135,90,84,39,141,4,136]
[32,36,44,46,48,24]
[145,147,45,23,125,82,31,74,86,35,96,43,94,137,47]
3 ladrao(oes) - Solucao inicial: 32574.1 - Funcao objetivo: 38691.3
[22,32,49,40,39]
[38,31,89,141,140,82,90,48,123,39]
[35,34,46,44]
[145,96,45,147,135,84,33,94,34]
[38,48,37,36,35]
[136,37,47,98,36,35,86]
4 ladrao(oes) - Solucao inicial: 31719.3 - Funcao objetivo: 37811.4
[36,40,37,46,44]
[94,145,90,147,36,86]
[48,24,15,39]
[140,23,89,47,38,14,98]
[40,32]
[39,141,82,133,31]
[34,35,36]
[33,136,135,34,35,85]
5 ladrao(oes) - Solucao inicial: 30027.8 - Funcao objetivo: 37116.1
[34,35,36,22]
[33,136,123,34,86]
[46,37,40]
[39,147,141,36,90]
[35,36,32]
[137,82,85,35,31]
[34,44]
[145,135,94,84]
[39,15,48]
[98,14,38,89,47,140]
berlin52_n153_bounded-strongly-corr_07.ttp
1 ladrao(oes) - Solucao inicial: 10116.6 - Funcao objetivo: 51458.7
[48,24,5,15,4,25,46,16,29,50,20,23,31,22,44,34,39,43,10,9,8,41,19,45,32]
[82,140,89,33,84,94,145,43,147,96,45,98,47,149,23,74,125,55,4,106,14,116,65,54,105,3,75,24,126,15,117,66,79,28,130,70,121,19,151,100,49,73,22,124,81,132,30,123,21,7,109,58,111,60,9,110,59,8,42,93,144,146,95,44,120,69,18,40,91,133]
2 ladrao(oes) - Solucao inicial: 34876.7 - Funcao objetivo: 61417.4
[22,32,44,34,35,36,39,37,40,43,10,41,19]
[94,123,21,111,9,42,144,120,18,93,136,133,145,72,39,69,90,135,60,82,38,40,91,141,38,35,86,137,89,36,140]
[48,24,5,15,4,25,46,16,29,50,20,23,31,9,8,45]
[147,4,14,105,75,126,79,130,81,30,7,110,8,146,44,59,95,74,54,55,132,24,45,73,98,149,47,109,15,124,23,96,117,22,70,100,151]
3 ladrao(oes) - Solucao inicial: 11935.8 - Funcao objetivo: 57612.8
[37,38,48,4,25,46,44,20,23,31,22]
[94,147,54,75,70,73,81,123,24,145,24,21,36,105,132,72,138,47,98,37]
[16,24,5,15,10,9,8,45,32]
[117,109,60,59,95,111,82,146,110,58,55,15,14,31,133,74,23,14,14,14]
[34,40,39,36,35]
[136,141,90,34,39,33,135,38,35,140,89,86,33,137]
4 ladrao(oes) - Solucao inicial: 6632.97 - Funcao objetivo: 58390.6
[39,24,4,25,46,44,50,20,23]
[24,23,73,75,121,74,147,151,105,126,54,70,38,22,94]
[36,35,34,40,38,5,48,16,29]
[47,79,28,98,15,117,106,55,137,135,35,34,90,136,37]
[32,40,37,15,43,10,9]
[59,60,14,110,36,133,42,93,138,111,31,141,39,82]
[39,8,45,31,22]
[7,44,132,58,95,140,30,146,81,123,72,89]
5 ladrao(oes) - Solucao inicial: -3921.01 - Funcao objetivo: 41275.1
[32,36,34,44,16,29,20,22]
[79,19,123,28,31,35,133,145,15,70,135,82]
[40,38,15,5,44,50,23]
[124,14,141,90,73,14,55,37,39,22,151,94]
[37,48,46,16,31]
[81,15,36,132,147,117,15,98]
[16,35,36,15,4,8,45]
[7,14,34,14,54,66,146,137,15]
[48,25,24,39,35]
[47,24,75,74,140,38,149,23,136]
berlin52_n153_uncorr_03.ttp
1 ladrao(oes) - Solucao inicial: -9022.41 - Funcao objetivo: 11687.9
[22,49,35,34,39,40,37,48,24,5,6,4,15]
[21,136,34,33,135,89,140,141,87,36,138,125,23,74,47,65,116,106,5,56,3,54,48]
2 ladrao(oes) - Solucao inicial: 10870.6 - Funcao objetivo: 16562.6
[22,32,49,44,34,35,36]
[21,33,84,21,72,86,135,35,94,145,43,136,82,31,99,137]
[49,39,40,37,48,24,5,4,15]
[140,39,47,116,106,3,54,38,141,125,36,74,65,138,23,87,89,150,48]
3 ladrao(oes) - Solucao inicial: 10261.2 - Funcao objetivo: 16383
[22,49,37,24,5,15,40]
[116,21,21,14,65,72,141,21,106,48,74,87,125,23]
[31,18,32,49,36]
[82,17,132,35,30,31,137,150,86,99]
[35,34,39,37,48,25,4,6]
[47,5,3,84,135,54,136,33,89,36,24,140,75]
4 ladrao(oes) - Solucao inicial: 9228.76 - Funcao objetivo: 15347.8
[44,5,37,36,35]
[55,87,34,106,136,94,36,35,145]
[49,15,4,25,6,48]
[150,47,116,3,99,54,48,149,24,5]
[31,18,39,40,38,24,15]
[38,17,74,89,23,37,125,65,30,141]
[22,32,36,34]
[21,72,82,31,86,137,33,135]
5 ladrao(oes) - Solucao inicial: 8553.72 - Funcao objetivo: 15006.2
[44,37,48,24,5,40,35]
[106,34,94,47,149,87,141,74]
[39,37,6,4,15]
[3,14,5,56,38,36,54,89]
[22,31,18,32]
[82,17,30,132,21,31]
[38,24,15,49]
[116,23,99,48,125,65,37]
[22,34,35,36]
[21,72,135,86,33,137,136]
berlin52_n153_uncorr_07.ttp
1 ladrao(oes) - Solucao inicial: 11936.5 - Funcao objetivo: 16446
[22,32,49,36,35,34,39,40,37,48,24,5,15,6,4,25,12,28,27,52,13,26]
[21,72,48,99,150,31,86,137,136,34,33,135,89,140,141,87,36,138,125,23,74,47,65,116,106,5,56,3,54,105,24,75,126,62,113,11,27,129,77,128,25,76,127,12,63,114,51,153,82]
2 ladrao(oes) - Solucao inicial: 3962.61 - Funcao objetivo: 14118.9
[49,36,34,39,37,48,24,5,6,25,26]
[36,5,24,126,25,127,76,48,47,75,89,87,86,137,138,56,106,23,38,125,74,140,33,135,99]
[22,32,35,40,38,15,4,12,13,27,28]
[62,11,12,114,37,21,63,72,113,136,141,54,31,65,27,82,129,14,116,128,26,77,3,34,88]
3 ladrao(oes) - Solucao inicial: -6625.24 - Funcao objetivo: 12197.2
[36,37,24,15,40,39,22]
[116,21,23,21,72,65,141,89,38,138,86]
[35,34,49,32]
[99,82,48,31,136,33,135]
[37,48,24,5,6,4,12,28,25]
[125,47,106,5,3,24,62,27,113,129,75,74,23,87,36]
4 ladrao(oes) - Solucao inicial: -14098.9 - Funcao objetivo: 10928.4
[32,49,35,34]
[84,150,48,34,136,99,133,82,31]
[37,48,24,15,22]
[21,116,65,21,72,138,87,47,23]
[34,37,25,4,6]
[5,54,126,3,24,36,33,135,75]
[36,24,38,40,39]
[23,86,35,125,74,141,89,37]
5 ladrao(oes) - Solucao inicial: -17860 - Funcao objetivo: 7382.72
[22,18,36,39,35]
[21,35,136,21,17,72,89,38]
[49,48,24,4,28]
[3,27,23,74,48,125,99,54,47,129]
[37,15,32]
[82,116,65,31,87]
[36,34,38,40]
[37,135,39,84,33,141,88,137,86]
[37,26,13,12,25]
[36,24,11,12,12,62,126,63,113,25]
berlin52_n153_uncorr-similar-weights_03.ttp
1 ladrao(oes) - Solucao inicial: 15045 - Funcao objetivo: 16936.4
[22,32,49,36,35,34,39,40,38,15,6,5,48]
[123,99,82,133,31,86,35,85,136,135,84,89,38,90,141,39,139,37,55,4,106,14,116,65,107,5,56,98,47,149,72]
2 ladrao(oes) - Solucao inicial: 17129.8 - Funcao objetivo: 21158.8
[22,18,32,40,39,36,35,34]
[21,68,119,38,86,72,90,35,135,39,89,85,82,84,34,136,133,31,123,141]
[49,44,46,48,6,15,5,38]
[55,106,116,107,56,43,94,14,65,145,4,5,98,139,149,47,37,99,48,147]
3 ladrao(oes) - Solucao inicial: 15561.7 - Funcao objetivo: 21218
[22,31,18,49,5,38,40]
[68,119,17,39,99,141,81,139,4,55,37,72,123,48]
[20,16,44,46,48,39,34]
[84,38,47,43,94,135,33,66,149,147,45,89,98,70]
[32,40,15,6,36]
[31,82,133,35,116,65,14,137,107,56,5,86,90]
4 ladrao(oes) - Solucao inicial: 14621.4 - Funcao objetivo: 20856.5
[35,34,39,48,6,40]
[135,141,136,84,90,56,149,5,107,47,89]
[22,31,18,32,49]
[21,119,82,48,68,133,31,81,123,99]
[20,16,44,38,39]
[70,139,19,88,121,38,66,43,94,37]
[36,46,48,5,15]
[147,14,35,116,45,55,96,86,106,98]
5 ladrao(oes) - Solucao inicial: 13597.5 - Funcao objetivo: 18275.5
[18,49,15,38,36]
[116,65,119,17,68,99,139,137,14]
[32,35,38,46]
[88,136,133,147,31,37,82,45]
[22,39,48,34]
[98,72,135,84,47,38,149,123]
[20,16,44,40,39]
[43,140,39,94,141,66,121,89]
[36,40,6,5]
[86,107,4,56,55,5,90,35]
berlin52_n153_uncorr-similar-weights_07.ttp
1 ladrao(oes) - Solucao inicial: -3383.16 - Funcao objetivo: 18756.5
[22,39,40,38,15,6,5,48,46,44,16,29,50,20,30,2,7,42,17,21,31,18,41,8,19,45]
[123,89,38,90,139,55,4,14,116,107,5,56,98,47,147,45,96,43,94,66,70,121,19,151,28,130,79,80,131,122,71,68,119,17,81,132,30,67,118,16,92,41,143,6,108,52,103,58,109,7,40,91,142,69,120,18,95,146]
2 ladrao(oes) - Solucao inicial: 5292.61 - Funcao objetivo: 19512.3
[35,36,38,15,48,46,16,2,7,18,32,45,8,41,19]
[82,85,139,14,65,98,149,147,96,66,68,17,108,52,58,7,91,69,18,119,133,103,86,45,37,95,146,47,116,35,6,40,142]
[22,49,39,40,5,6,44,50,20,29,30,42,17,21,31]
[99,38,39,55,107,56,43,145,70,19,49,28,79,131,122,81,30,67,16,130,123,80,71,121,89,4,5,118,151,41,92,48,90]
3 ladrao(oes) - Solucao inicial: -8097.18 - Funcao objetivo: 17485.7
[34,36,39,15,46,16,2,42,17,3,41,8,19]
[14,147,66,2,67,92,52,91,120,118,142,35,84,65,116,69,40,41,86,58,103,135,38,89,45]
[49,40,5,6,44,20,7,21,31,18]
[5,121,71,119,132,108,122,39,81,55,68,90,48,56,107,70,4,6,94,141,43]
[32,45,38,48,49,22]
[95,123,72,146,37,98,31,21,82,139,133,47,99]
4 ladrao(oes) - Solucao inicial: -15665.9 - Funcao objetivo: 14644
[15,48,16,20,49,45,19,32]
[66,69,146,70,48,133,47,31,116,82,19,95,98,121]
[6,15,40,39,42,7,2,31]
[107,81,6,103,92,52,5,41,56,14,65,39,38]
[44,34,49,22,18,41,8]
[94,68,58,91,119,40,72,21,43,123,142,99,84,135]
[36,39,40,38,5,46]
[55,89,86,147,4,45,139,37,141,90,35]
5 ladrao(oes) - Solucao inicial: -24106.1 - Funcao objetivo: 15923.3
[40,6,15,32]
[82,5,133,56,14,107,31,39]
[44,34,40,45,8,41,18]
[68,58,142,43,119,141,145,40,90,91,17,84,95]
[35,36,39,15,5]
[14,136,14,14,4,89,137,38,116,55,85]
[49,38,48,46,16]
[45,66,139,99,98,47,96,147,37,48,149]
[22,36,34]
[86,35,135,21,72,123]
berlin52_n510_bounded-strongly-corr_03.ttp
1 ladrao(oes) - Solucao inicial: 12400.6 - Funcao objetivo: 125507
[22,32,49,36,35,34,37,15,4,6,5,24,48,38,40,39]
[82,35,290,86,341,136,238,493,187,391,34,289,85,340,492,463,422,269,14,218,371,320,116,167,65,473,362,260,413,5,158,209,311,107,464,56,309,54,207,156,258,3,462,411,496,497,105,88,89,90,133,141,184,191,192,137,139,123,72,140,174,188,239,286,259,55,190,200,98,235,242,293,294,310,47,208,225,74,176,227,39,38,243,37,125,149,157,201,31,252,276,345,482,251,48,99,23,150,327,291,36,344,380]
2 ladrao(oes) - Solucao inicial: 111323 - Funcao objetivo: 140638
[34,46,48,4,6,15,5,38]
[237,33,84,310,361,412,445,492,288,186,135,441,190,259,343,55,208,260,209,107,56,422,394,362,504,453,413,300,158,311,464,269,249,96,147,351,402,218,320,167,473,156,54,371,116,65,462,157,207,258,106,463,4,3,309,5,105,339,292,149,496,139,302]
[44,48,24,40,39,36,35,49,32]
[497,82,184,133,90,490,141,201,89,239,507,99,388,286,140,235,252,136,344,439,354,456,48,150,303,35,188,86,242,187,396,290,493,341,137,289,340,442,238,349,247,85,400,43,34,243,196,94,447,380,482,294,98,337,125,227,47,391,23,278,455,251,404]
3 ladrao(oes) - Solucao inicial: 104774 - Funcao objetivo: 129996
[49,36,35,44,4,6]
[258,260,3,54,309,207,360,158,107,156,411,56,362,5,311,464,209,413,340,85,462,99,289,507,150,456,493,252,201,341,34,86,247,145,442,238,136,494,137,502,451]
[32,49,44,46,48,24,5,38,37]
[495,87,482,291,189,342,96,47,278,147,23,431,380,227,235,404,157,125,329,176,300,138,196,302,463,133,353,453,259,310,94,361,439,349,400,388,55,286,402,298,337,88,405]
[32,36,34,46,48,5,15,38]
[496,190,445,139,422,218,269,492,31,441,343,371,249,208,351,45,412,184,490,394,339,135,4,149,320,239,506,65,455,188,200,251,33,35,390,98,82,290,504,443,116,84]
4 ladrao(oes) - Solucao inicial: 96293.3 - Funcao objetivo: 129589
[34,48,24,6,5,38,40]
[445,241,394,380,292,310,5,251,98,74,345,302,343,158,227,141,361,237,362,200,176,208,482,260,278,259,47,186,496,209,56]
[44,34,35,36,49,32]
[502,150,94,235,303,298,451,34,201,48,196,31,392,400,339,239,133,340,492,86,188,135,349,145,290,388,43,184,443]
[34,46,48,24,5,6,4,15]
[309,156,3,464,207,258,218,413,107,411,422,329,463,462,288,441,84,14,504,371,412,404,54,96,431,23,269,33,125,149,300,106]
[46,5,15,39,36,35,49,32]
[191,147,136,456,82,140,137,89,116,341,35,493,289,85,293,439,442,497,99,351,249,405,391,507,402,286,320,354,157,337,45]
5 ladrao(oes) - Solucao inicial: 85383.7 - Funcao objetivo: 124074
[44,46,5,40,36,49,32]
[39,252,504,351,507,96,249,198,90,43,502,141,208,150,35,82,99,201,303,188,184,298,243,412]
[34,48,24,5,15,38]
[241,190,492,278,14,37,251,259,84,237,339,343,455,496,227,288,125,441,98,390,371,445,292,47,482,33,116]
[34,48,37,39,36,35,32]
[497,31,342,344,239,341,439,490,493,36,136,86,302,200,238,291,442,34,135,286,495,290,191,140,133,353]
[44,46,48,24,5,15]
[23,422,94,320,74,218,167,55,247,65,506,310,361,300,149,349,157,451,400,402,269,380,147]
[35,40,5,4,6]
[207,158,309,340,464,360,5,289,362,4,311,107,156,187,85,56,106,413,447,260,54,3]
berlin52_n510_bounded-strongly-corr_07.ttp
1 ladrao(oes) - Solucao inicial: 50507.7 - Funcao objetivo: 161787
[32,35,34,39,43,4,25,6,15,5,24,48,38,40,37,46,44,16,50,20,23,31,18,3,45,19,41,8,9,10]
[82,85,340,288,84,298,400,502,43,147,402,249,504,198,351,96,453,45,300,482,380,227,23,74,278,431,125,200,98,455,47,251,404,353,302,149,506,310,361,55,412,208,157,4,106,463,422,269,14,218,371,320,116,167,65,473,362,260,413,5,158,209,311,107,464,56,309,54,207,156,258,105,360,3,462,411,228,177,75,24,381,126,279,483,432,330,39,192,345,294,141,90,243,498,447,396,38,191,344,446,293,242,140,89,395,497,445,394,37,190,343,292,241,139,496,88,36,189,291,240,342,444,138,393,87,495,270,15,372,168,423,117,219,66,474,321,253,355,151,457,508,202,100,304,406,49,376,478,70,274,325,121,223,172,19,427,175,430,379,481,73,328,226,277,22,124,489,81,285,132,183,336,387,234,30,438,170,425,272,374,17,476,119,323,68,221,155,206,308,359,53,104,410,461,2,257,197,146,350,95,452,401,248,503,44,299,375,477,324,120,69,273,171,426,222,18,7,262,313,109,58,211,364,415,160,466,193,346,499,448,40,397,91,244,142,295,111,417,468,60,162,9,264,315,366,213,263,110,59,365,416,467,212,161,8,314,195,297,349]
2 ladrao(oes) - Solucao inicial: 164249 - Funcao objetivo: 238910
[37,38,15,6,5,24,48,46,16,50,49,32,45,10,9,8]
[291,138,87,111,189,240,444,393,495,417,60,9,109,211,415,466,197,315,213,7,365,467,161,314,263,468,59,313,402,504,416,351,453,300,162,58,264,366,248,350,146,262,44,452,160,364,212,8,95,401,503,45,249,96,147,198,299,269,260,14,371,65,219,116,423,474,218,473,5,15,209,422,362,110,320,66,167,158,321,168,117,372,270,342,150,252,48,201,507,98,47,405,303,456,99,354,412,259,208,310,361,157,23,227,380,82,235,337,388,286,490,184,482,278,439,125,200,455,253,355,508,251,202,151,100,149,404,353,506,302,149,304,457,49,406,413,107,311,464,56,176,74,329,431,37,445,394,190]
[43,4,25,38,40,39,36,35,34,44,20,23,31,18,3,41,19]
[195,297,348,450,399,246,501,478,121,172,124,277,346,274,430,481,328,70,120,73,375,193,155,499,228,155,462,360,207,75,258,376,381,175,279,325,379,223,19,226,22,427,222,69,324,156,171,477,309,3,177,142,40,91,54,105,126,330,24,483,432,273,411,448,426,18,397,244,345,90,192,294,141,191,497,293,395,243,140,38,344,446,242,89,396,196,410,447,53,349,206,359,308,104,461,247,374,136,34,298,451,323,476,336,438,425,234,400,272,493,170,30,17,119,145,391,502,81,285,443,290,137,188,239,442,392,86,85,387,183,187,132,489,340,498,39,135,390,339,288,186,441,492,237,35,238,341,289,496,139,241,292,343]
3 ladrao(oes) - Solucao inicial: 107470 - Funcao objetivo: 207829
[44,34,39,37,5,25,46,16,50,20,23,31,18,45,19,41,8,9,10]
[351,147,504,300,198,263,365,212,110,416,161,249,402,453,111,183,452,379,248,467,40,374,346,244,213,119,7,314,381,18,463,291,274,412,417,121,342,157,393,223,242,60,140,171,397,162,313,22,499,448,497,168,295,73,489,228,495,24,298,142,259,177,193,253,126,15,330,237,288,293,503,361,375,344,432,321,186,36,279,43,219,481,9,175,325,89,441,208,299,240,423,285,401,323,138,336,38,44,468]
[39,40,38,5,4,6,24,48,37,34,35,36,49,32,45,3]
[39,286,252,391,309,98,251,133,149,200,302,136,192,82,439,493,201,184,482,23,354,340,405,99,442,380,187,388,455,150,34,238,289,492,47,392,48,125,507,188,155,176,239,404,353,35,294,227,290,345,431,490,235,337,278,445,394,141,260,206,456,308,53,362,156,54,104,443,137,207,90,461,5,258,359,37,243,310,410,339,55,191,197,350,446,86,341,95,390,146,189,444,135,395]
[40,38,15,6,4,25,44,16,50,20,23,31,18,19,8,10,43]
[195,297,144,246,450,399,348,501,196,320,422,218,371,14,88,247,464,462,473,107,66,272,415,160,49,167,457,100,366,438,68,132,387,426,476,430,411,70,496,324,273,269,376,277,364,58,427,151,109,222,94,451,447,349,478,311,372,117,315,116,75,241,226,202,360,343,425,170,211,145,413,105,190,270,172,69,139,396,477,120,355,209,483,124,474,498,30,158,292,17,262,81,508,304,328,400,234,264]
4 ladrao(oes) - Solucao inicial: 37186 - Funcao objetivo: 215628
[24,4,25,46,16,50,20,31,3,45,19,8,9,10]
[330,467,212,381,54,8,314,257,59,483,304,457,503,258,299,411,309,2,402,121,110,60,468,162,156,202,504,105,270,177,426,75,417,462,211,161,423,207,100,364,263,321,264,416,365,9,360,120,508,126,81,95,410,315,329,171,228,172,474,70,406,453,274,366,223,336,96,279,285,461,387,168,111,109]
[34,44,46,16,50,20,23,22,18,3,45,19,41,8]
[430,73,197,146,375,174,480,15,478,276,378,273,374,425,170,429,175,379,327,124,219,155,372,43,117,253,481,359,272,277,72,123,206,328,104,17,119,355,142,225,58,350,325,151,324,401,7,308,249,295,147,452,351,477,466,44,313,262,53,84,248,198,40,298,288,160,69,346,499,237,376]
[31,41,49,39,40,38,5,6,24,48,44]
[55,405,380,47,196,259,201,260,455,349,157,507,5,413,496,353,354,502,150,303,362,176,48,23,209,107,242,94,200,30,482,227,98,244,81,456,252,497,310,343,412,251,489,397,247,498,234,438,88,158,292,91,90,139,193,396,447,183,361,278,149,74,431,451,132,145,302,448,125]
[35,34,37,38,15,40,39,36,32]
[82,240,337,238,116,167,490,235,189,39,34,218,391,187,188,342,286,371,184,141,493,388,294,345,36,243,138,137,495,439,289,192,86,191,291,442,293,492,344,392,135,444,87,31,239,269,140,190,393,443,394,390,320,422,35,446,339,290,14,445,341,136,241,89,133,85,441,38]
5 ladrao(oes) - Solucao inicial: -29101.5 - Funcao objetivo: 161194
[39,40,5,24,48,16,50,20,31,18]
[15,285,372,482,191,270,310,294,141,489,55,361,192,170,425,272,47,478,117,132,374,81,243,253,168,404,259,344,200,355,90,70,39,455,183,498,380,387,17,38,98,302,447,431,345,227,251,278,151,446,23]
[34,38,15,24,48,46,16,20,10,19,45]
[468,116,417,95,422,218,292,320,269,477,9,37,66,274,504,146,198,353,402,474,324,241,264,120,162,321,375,248,249,371,453,197,288,273,96,111,219,394,14,445,69,350,33,171,452,74,60,376,366,343,176,351,147,315,423]      
[39,37,6,25,44,50,23,22,45,9,41]
[72,457,142,480,451,400,43,123,202,247,225,499,497,196,349,298,406,276,327,94,100,429,59,193,448,124,481,365,378,395,430,87,140,56,503,381,346,342,279,226,401,508,158,242,174,304,91,397,393,110,44,244,40,22,293,145,89,161,107]
[49,36,38,5,6,4,20,23,31,18,8,9]
[207,360,54,119,105,263,30,314,209,208,413,467,5,476,73,277,7,364,260,438,379,157,212,234,309,139,323,496,160,175,325,211,223,362,88,156,190,336,313,258,121,412,262,109,290,150,427,68,99,416,328]
[25,37,34,35,36,49,32,3]
[444,359,135,339,235,34,136,308,439,337,442,388,237,75,31,492,138,493,291,252,82,104,286,184,36,206,410,289,189,53,187,239,240,490,126,177,188,405,35,443,354,392,133,507,86,201,137,441,155,456,391,238,228,390]
berlin52_n510_uncorr_03.ttp
1 ladrao(oes) - Solucao inicial: 28625.1 - Funcao objetivo: 41491.5
[22,32,49,36,35,34,39,40,37,38,5,24,48]
[429,276,21,48,252,490,31,388,86,290,137,494,136,442,187,493,34,340,33,339,390,135,186,288,492,84,441,293,89,446,497,38,344,140,395,498,192,345,447,141,294,396,39,343,241,190,496,37,88,139,291,87,342,393,189,36,444,495,138,240,125,431,23,329,482,380,74,278,176,227,506,302,47,353,455,149,404,412,361,157,208,463,259,310,106,55,456]
2 ladrao(oes) - Solucao inicial: 41774.6 - Funcao objetivo: 52100.4
[32,36,35,34,37,15,38,40,39]
[31,388,87,495,138,137,490,82,494,86,290,392,444,342,36,291,189,393,496,167,116,269,65,218,371,320,422,239,187,293,191,344,140,38,395,89,446,497,447,294,498,345,141,192,396,343,292,190,88,139,241,443,34,493,340,442,136,492,441]
[22,49,5,6,24,48,34]
[149,200,362,311,260,158,209,413,506,47,455,464,174,225,21,329,107,431,380,429,480,278,72,482,327,276,227,378,176,302,353,125,23,74,252,310,361,259,412,157,208,463,106,456,507,99,150,48,201,354,186,288,84,135,390,339,33]
3 ladrao(oes) - Solucao inicial: 36013.9 - Funcao objetivo: 47323.5
[22,34,39,40,5,24,48,37]
[186,38,106,396,84,87,378,125,329,495,444,138,259,380,240,157,33,497,342,174,463,291,393,135,141,192,36,492,55,225,446,189,344,278,176,506,293,395,498,345]
[32,49,40,38,36,35]
[99,31,133,86,388,35,341,137,507,150,496,405,88,456,48,201,354,490,252,439,238,139,82,290,494,241,392,443,445,187,34,292,343,493,190,136,447,294]
[22,35,34,39,48,24,5,6,15]
[311,362,260,158,209,413,412,310,464,140,208,23,353,191,480,361,276,167,390,429,72,269,302,339,482,218,65,431,56,89,107,74,116,371,47,320,288,442]
4 ladrao(oes) - Solucao inicial: 29543.1 - Funcao objetivo: 45585
[35,34,39,36,22]
[89,86,191,35,137,38,174,480,225,429,72,84,443,446,494,293,392,339,290,187,140,378,276,391,340,493,135,390]
[49,40,24,48,37]
[482,149,176,447,278,98,455,47,125,48,498,74,39,507,252,99,380,342,456,354,150,36,87,444,201,302,294,189]
[35,34,40,38,15,24,48]
[371,492,320,88,167,353,241,192,139,65,343,23,506,37,33,288,396,33,218,116,441,345,431,190,496,329,136,34,141,186,442]
[32,39,6,5,37]
[55,158,82,361,259,209,133,56,413,31,157,464,412,310,344,208,463,362,260,497,395,138,393,495,106,311,490,388,291]
5 ladrao(oes) - Solucao inicial: 22840.5 - Funcao objetivo: 41938.4
[49,38,5,24,48]
[125,278,176,99,252,241,150,353,412,47,507,506,74,431,106,302,23,190,463,23,310,343,482,380,329,259]
[32,49,35,40,37,34]
[490,286,34,138,136,192,291,354,388,342,133,31,345,201,498,456,48,288,82,87,36,492,187]
[35,34,39,36]
[391,341,446,442,339,135,84,89,35,443,38,238,86,33,137,493,395,390,186]
[22,36,37,15,40]
[378,167,429,72,225,480,65,174,276,290,371,494,21,141,269,495,444,447,294,116,392,218]
[39,38,5,6,37]
[158,260,464,140,56,497,344,311,37,361,293,209,496,139,157,88,413,393,189,362,55,208]
berlin52_n510_uncorr_07.ttp
1 ladrao(oes) - Solucao inicial: 17623.1 - Funcao objetivo: 47067.1
[22,49,36,35,34,39,40,37,38,48,24,5,15,6,4,25,12,28,27,26,47,14,52,13]
[429,378,276,21,48,252,86,290,137,494,136,442,34,33,339,390,135,186,288,492,441,293,497,344,140,395,498,192,345,447,141,294,396,343,241,190,88,291,87,342,393,189,36,444,495,138,125,431,23,329,482,380,74,176,227,506,302,47,353,412,361,157,208,463,259,106,167,218,65,116,371,362,260,311,158,209,413,5,464,3,360,411,156,258,309,54,462,105,330,483,432,279,24,381,75,126,62,113,317,368,11,419,470,266,164,27,129,486,180,435,231,384,282,383,230,77,281,128,485,179,434,484,382,280,25,433,76,229,331,178,127,301,454,505,97,199,403,148,250,318,12,369,63,165,267,216,471,114,268,421,472,166,13,115,370,319,217,51,255,306,153,510,456]
2 ladrao(oes) - Solucao inicial: 8363.73 - Funcao objetivo: 49397.9
[36,39,37,24,5,15,6,4,25,12,13,52,14,47]
[167,65,371,320,422,3,411,258,54,330,432,24,75,228,199,148,207,126,218,116,105,462,360,403,156,309,483,279,381,250,454,301,97,12,267,505,421,166,115,319,114,459,165,408,446,318,306,38,293,510,494,472,86,290,140,137,217,392,268,369,216,344,13,471,370,63,395,51,497,36,89,204,153,227,464,357,463,368,164,102,23,255,209,444,125,74,106,87,138,176,431,413,380,208,495,362,259,158,311,260]
[22,32,49,35,34,37,40,38,48,24,5,12,28,27,26]
[429,480,276,390,21,327,490,82,33,186,492,441,141,343,345,396,37,378,136,187,34,174,225,31,388,442,27,435,384,339,135,288,447,192,294,498,88,496,190,241,493,507,129,180,281,231,282,486,485,230,434,302,47,353,506,77,456,99,354,383,128,179,484,252,48,150,229,25,419,278,317,382,291,76,189,157,331,178,470,433,280,62,361,412,393,329,266,482,11,113,342]
3 ladrao(oes) - Solucao inicial: -28208.8 - Funcao objetivo: 23811.1
[22,49,34,39,40,38,24,5,25,28,26]
[24,432,483,381,384,231,333,484,72,228,25,27,180,382,229,429,433,331,174,330,127,278,496,37,480,447,75,129,435,279,282,126,486,280,76,446,276,225,378,72,139,89,343,456,390,339,361,99,310,190,329,178,294,135,38,498,157,141,412,482,507,288,354]
[49,36,35,34,37,40,38,5,6,4,12,27,13,14,47]
[86,137,290,443,494,392,209,268,105,442,136,148,485,421,319,291,138,393,444,62,463,464,462,192,413,360,258,164,207,317,403,492,187,396,411,309,63,252,250,368,215,454,259,362,158,5,311,260,470,472,230,441,106,88,33,241,48,434,128,505,186,166,345,189,12,342]
[32,39,37,48,24,5,15,4,12,27,13,52,14,47]
[490,51,153,82,506,408,353,216,388,255,510,302,47,102,165,370,217,266,306,459,36,87,495,23,318,125,204,419,65,227,383,269,3,199,218,371,422,344,369,156,431,116,357,267,167,497,176,395,54,281,140,208,293,74,113,380,77,179,97,11,115,301,114,471,320]
4 ladrao(oes) - Solucao inicial: -67490.7 - Funcao objetivo: -2846.35
[22,35,36,39,37,6,25,28,26]
[27,225,435,282,486,393,189,89,231,291,137,443,494,392,86,56,290,5,429,446,378,384,433,178,480,484,260,38,136,382,140,331,158,129,76,330,72,180,344,311,280,174,279,229,483,187,432]
[34,37,24,48,47,13,52]
[510,302,153,97,353,199,165,444,318,63,255,148,267,51,36,403,186,74,227,306,102,204,87,431,138,301,482,454,47,342,84,506,125,176,23,329,380,135,505,492,495,288]
[22,32,49,35,39,40,38,5,4,25,27,14]
[48,241,497,150,496,99,319,360,343,217,126,490,156,82,139,395,276,157,388,190,498,259,54,383,252,294,442,34,421,75,456,77,327,293,434,485,463,381,179,412,208,354,361,64,462,493,166]
[34,40,15,6,4,12,27,13,14]
[419,11,368,470,207,464,167,128,218,258,141,192,113,65,116,3,105,332,209,411,230,62,309,317,345,164,14,281,390,413,362,33,12,268,339,370,216,115,266,369,13,447,472]
5 ladrao(oes) - Solucao inicial: -107676 - Funcao objetivo: -12197.3
[22,49,36,37,48,24,4,26]
[229,207,392,189,225,354,329,331,482,456,174,278,506,291,127,47,156,25,302,99,258,443,393,353,86,35,484]
[49,36,37,24,15,6,25,52,14]
[268,319,421,51,255,472,306,252,153,102,126,125,158,290,23,150,209,48,362,75,464,269,14,204,166,137,381,370,444,510,115,342,494,176,36,56,413,431,74]
[22,39,40,38,24,5,25,28,13,27]
[369,38,446,281,485,106,276,259,279,327,241,496,361,483,157,38,435,380,497,72,230,383,429,63,128,463,432,378,412,179,480,192,77,434,330,208]
[35,34,37,15,4,26,13,47]
[165,454,493,167,495,462,34,216,65,238,136,267,442,433,301,148,84,199,97,492,54,288,87,411,3,178,318,382,309,116,505,135,280,218,76,360,403,12,187]
[34,39,40,38,6,12,28]
[282,470,129,27,62,113,89,343,384,293,447,498,311,88,260,190,390,33,186,317,344,141,37,419,486,140,368,164,11,339,294,180,345,5,231,266]
berlin52_n510_uncorr-similar-weights_03.ttp
1 ladrao(oes) - Solucao inicial: 48333.4 - Funcao objetivo: 56092.2
[22,32,49,36,35,34,39,40,37,38,48,24,5,6,15]
[225,184,235,82,133,490,31,286,439,99,456,507,201,354,392,188,86,35,239,443,341,391,187,493,238,289,442,340,85,136,390,339,135,84,237,288,89,446,242,38,191,293,243,447,294,90,498,141,345,39,496,445,292,394,343,139,190,37,241,393,291,189,342,240,495,455,251,98,47,200,404,506,149,302,278,329,482,380,431,176,55,361,310,157,4,412,259,208,106,14,167,269,320,116,473,65,422,371,107,260]
2 ladrao(oes) - Solucao inicial: 59687.6 - Funcao objetivo: 66014.1
[22,36,35,34,40,38,24,48]
[243,294,498,345,396,447,90,141,39,404,149,480,84,327,378,292,343,241,455,98,200,506,276,21,302,278,72,482,431,251,74,23,47,391,174,225,493,329,390,429,123,442,186,135,340,445,380,237,139,394,441,37,496,125,176,339,288,238,187,85,34,289,136,190,35,443,392,86]
[15,6,5,37,39,36,49,32]
[14,269,116,65,371,107,311,260,158,167,320,82,286,388,362,413,293,344,422,235,133,473,31,439,337,184,89,490,242,140,191,218,395,87,38,446,150,405,99,507,354,456,208,361,157,412,463,201,303,48,252,55,310,4,259,240,291,106,393,342,189,495,239,341,494,137,188]
3 ladrao(oes) - Solucao inicial: 55350 - Funcao objetivo: 62958.2
[32,36,39,37,38,5,24,48]
[87,412,106,329,74,291,55,251,157,259,495,240,463,189,176,380,455,342,47,506,23,138,431,149,86,208,310,4,393,361,443,494,188,235,98,184,490,89,133,404,388,37,286,242,82,239,337]
[36,35,34,40,38,24,48]
[292,390,186,137,85,84,445,288,241,187,339,139,391,482,238,493,302,441,442,343,392,341,88,496,340,35,345,278,141,498,237,90,34,33,135,39,289,200,447,125,136,394,190]
[22,32,15,6,40,39,49]
[107,260,56,14,320,311,269,158,362,473,413,405,65,167,116,354,371,507,303,480,150,252,429,378,174,123,218,456,201,48,327,99,72,225,422,294,243,396,293,140,446,344,191,38,31,439]
4 ladrao(oes) - Solucao inicial: 50291.6 - Funcao objetivo: 59270.5
[32,35,24,38,40]
[23,286,445,482,74,391,238,345,329,241,39,431,493,442,187,31,136,85,176,388,294,243,380,90,139,343,141,447,278,184,337,498,496,394]
[22,49,39,15,6,5,37]
[106,362,189,412,158,157,259,72,429,4,138,107,269,174,495,225,393,55,342,311,507,14,444,463,405,87,242,327,240,123,371,276,291,354]
[22,35,5,6,15,36,49]
[252,86,150,137,201,378,422,456,413,289,239,21,340,35,361,208,303,310,443,260,392,65,99,480,188,116,56,320,167,218,473,494,341,48]
[32,39,38,48,34]
[353,441,38,47,200,339,302,390,186,140,149,490,191,395,251,404,190,288,135,344,506,98,37,292,133,446,455,293,89,237,439,235,82,84]
5 ladrao(oes) - Solucao inicial: 45034.9 - Funcao objetivo: 55956.7
[22,32,49,36,39,38,5,40]
[141,345,447,90,243,38,327,354,72,490,82,392,294,378,140,480,106,39,259,498,139,242,191,184,405,341,252]
[35,38,37,34]
[237,85,492,342,390,495,339,493,138,291,340,87,189,394,240,190,393,241,37,186,135,84,292,289,33,288]
[32,49,39,38,5,6,15]
[158,422,337,157,439,320,31,303,48,445,65,107,269,208,343,496,14,507,260,133,235,286,293,388,446,89,116]
[22,35,15,6,5,24]
[125,225,55,311,380,4,174,431,473,278,362,413,176,310,482,329,429,74,209,123,391,218,167,412,361,136,34,56]
[35,48,36,49]
[302,200,506,251,201,47,149,86,239,98,443,238,99,455,35,137,404,442,188,187,456,150,494]
berlin52_n510_uncorr-similar-weights_07.ttp
1 ladrao(oes) - Solucao inicial: -3506.34 - Funcao objetivo: 64015.8
[22,35,34,39,40,37,38,48,24,5,15,6,4,25,46,44,16,50,20,23,21,31,18,3,45,19,41,8,9,10]
[225,391,390,339,89,446,242,38,243,447,294,90,498,496,445,292,394,343,139,190,37,393,291,189,455,251,98,47,200,404,506,278,329,482,55,361,310,157,4,412,14,167,269,320,116,473,107,260,5,56,311,158,362,207,360,258,309,156,462,483,432,24,177,228,381,147,402,453,351,249,45,96,196,43,349,94,451,298,247,66,321,372,219,474,168,406,202,253,151,49,355,304,70,121,172,19,274,376,223,328,226,481,379,430,277,73,124,428,122,71,377,275,68,425,119,476,170,272,221,323,17,374,81,336,183,387,438,285,234,132,30,359,2,155,308,461,257,53,222,69,426,375,120,324,477,248,95,146,197,299,503,452,44,58,313,415,364,211,466,109,448,40,91,142,295,346,193,499,244,212,314,263,467,416,8,59,365,110,264,9,60,366,162,213,187]
2 ladrao(oes) - Solucao inicial: 43441.5 - Funcao objetivo: 82295.1
[32,36,35,34,38,5,24,48,44,16,50,20,3,41,8,45]
[2,308,257,410,235,133,31,439,337,184,82,490,286,388,349,451,247,502,43,94,298,196,359,155,461,248,146,299,448,452,91,145,295,193,244,95,239,455,341,200,98,302,278,482,494,321,188,137,219,270,168,35,443,392,86,508,202,151,66,355,457,121,19,376,427,133,197,503,44,40,406,142,346,499,251,404,172,149,47,506,253,329,372,423,474,100,49,70,304,274,223,380,292,496,343,190,241,139,445,394,37,58,415,142,211,109,313,364,391,466,493,187,390,135,339,288,84,237,340,238,136,442,412,259,85,289,310,4,361]
[22,49,39,40,37,5,15,6,4,25,46,23,21,31,18,19,9,10]
[81,234,30,174,429,480,225,123,378,446,38,293,243,498,294,345,393,189,89,191,242,198,291,342,402,351,45,300,122,377,326,425,476,272,374,387,132,173,447,90,141,39,147,453,249,228,330,96,428,71,68,222,275,504,119,221,17,426,120,69,60,375,324,315,59,162,177,438,432,422,167,360,468,320,473,309,54,462,381,279,483,9,277,207,14,269,116,65,258,183,314,366,156,467,8,365,417,213,264,5,362,212,481,430,416,260,263,73,477,495,132,56,379,158,413,124,107,226,311,328,336,240,157,99,170,354,303,150,323,456,507,405,201,55,285]
3 ladrao(oes) - Solucao inicial: 8764.9 - Funcao objetivo: 81489.5
[35,5,24,16,50,20,23,21,3,45,8,9,10]
[423,321,172,66,474,428,270,376,71,427,326,70,44,197,248,146,122,372,168,19,121,219,479,377,274,223,275,95,257,299,2,212,313,314,211,461,416,415,364,263,503,109,110,155,466,8,328,226,430,359,379,467,365,308,53,442,73,277,481,124,187,85,391,315,238,340,264,380,9,417,136,278,176,482,208,493,289,162,157,468,259,412,111,310,106,60,213,457,361]
[49,40,15,6,4,25,46,50,31,18,41,19]
[96,24,279,198,249,45,432,504,228,258,360,105,483,177,330,381,147,355,425,508,170,387,132,234,193,40,253,207,151,476,221,272,68,3,156,49,309,346,142,244,362,81,323,311,30,336,285,374,119,438,295,183,260,448,91,5,158,499,375,69,107,56,351,120,402,453,354,462,150,100,222,303,426,324,406,405,320,202,507,294,269,473,167,116,14,456,90]
[22,32,49,36,39,40,38,5,24,48,37,34,44]
[135,393,342,138,186,495,84,237,390,339,189,291,141,240,345,87,429,288,123,349,145,298,174,502,43,451,378,400,480,72,447,498,225,196,82,388,247,188,94,35,341,133,4,86,55,446,191,239,443,137,38,439,392,243,149,337,455,89,490,506,184,286,235,241,394,37,292,139,496,445,343,47,201,200,251,190,98,99,404,329,293,242]
4 ladrao(oes) - Solucao inicial: -29968.5 - Funcao objetivo: 59094
[36,38,5,15,4,25,46,16,50,20,23,22]
[430,175,225,22,73,172,309,72,481,483,3,174,277,70,462,381,429,70,105,422,360,96,304,378,65,226,300,249,156,19,219,223,355,351,253,473,15,328,55,480,258,157,394,168,167,259,310,402,445,121,123,207,376,116,379,124,361,372,274,341,474,423]
[49,34,38,5,24,48,16,21,31,3,41,9,10]
[302,40,308,2,359,461,410,448,295,507,98,244,47,499,257,155,366,149,417,91,506,346,387,142,496,193,455,213,456,314,4,336,111,208,59,71,405,212,275,139,339,292,99,354,37,224,326,48,190,66,201,9,482,263,278,200,431,412,251,150,241,343,176,303,183,329,321,404]
[39,40,15,37,34,35,36,45,32]
[85,133,39,391,86,503,90,340,248,44,243,238,141,493,345,239,187,184,443,136,188,446,498,447,82,342,289,294,31,242,490,286,392,291,442,137,393,189,439,390,452,299,84,146,320,191,293,235,95,38,388,197,240,186,135,288,14,237,35,269,89]
[6,25,46,44,50,21,31,18,19,8,9,10]
[221,222,428,364,69,362,313,466,438,132,324,298,211,120,374,375,260,196,58,228,110,162,451,349,323,415,476,468,170,425,365,453,177,234,5,272,109,285,94,81,158,56,122,406,247,467,107,151,279,68,202,502,426,173,311,264,8,330,43,119,315,147,432,416,145,377,49]
5 ladrao(oes) - Solucao inicial: -69866.6 - Funcao objetivo: 44616.4
[36,40,15,4,6,37,44,50,20,18,41,9,45]
[95,223,376,116,248,197,65,70,309,503,427,14,258,360,269,172,100,207,167,443,240,473,146,274,105,158,107,260,323,499,121,253,320,299,467,342,291,43,311,56,156,247,272,19,196,221,49,86,110,314,447]
[34,48,24,38,36,22]
[135,480,123,378,37,292,496,174,241,455,482,429,278,288,329,390,302,149,190,237,394,445,239,84,392,339,188,341,72,225,137,35]
[32,49,39,40,5,37,35]
[289,442,201,493,136,89,133,243,498,90,85,446,99,456,259,412,87,39,187,310,361,303,191,293,405,354,140,345,238,388,150,34,507,157,189,38,337,4,242,294,490,141,340,391,48,393]
[38,5,6,25,46,23,21,31,18,3,41,8,10]
[359,295,432,448,425,377,308,193,228,71,362,2,132,257,155,40,346,483,177,91,476,438,170,68,264,315,60,366,453,417,55,162,275,213,415,139,468,336,122,343,504,387,5,466,142,226,119,30,381,183,81,244,234,58,428]        
[44,48,46,16,50,23,32,19,8,9]
[66,321,481,109,8,364,59,270,249,313,147,251,47,94,200,151,96,82,184,175,349,235,355,404,98,120,219,451,263,365,202,124,506,222,402,324,31,212,372,69,277,375,426,416,286,379,474,430,168,73,298,198,351,211,406,328,439]