37708
37534.7
36353.7
36133.7
35342.6
57736.1
57376.6
60178.5
54390.2
46964.9
19205.8
17965.4
18156.6
16370.4
15668.7
20028.9
17216.7
15347.5
12001.5
13381.8
18678.8
18255.7
16257.8
15738.1
14781.1
22668.2
20670.8
18848.7
22244.8
13009.7
132804
132881
122948
111964
102104
199474
190402
133826
84331.5
12643
52801.4
50144.2
42095.9
37259.4
32211.5
66355.9
34694.5
3893.35
-28126.3
-32868.1
62106.3
61251.1
56323.8
50838.3
45498.6
88398.2
57573
23505.2
-12215.3
-36839.5
115363
114273
93802.6
86314
68162.7
159546
133142
113303
61166.5
65128.1
42320.8
43324.1
27124.6
19148
11659
58127.5
30755.6
