grasp - 1 ladrao - valores: 
11134,83
-14461,1
88312,32
105761,03
351207,74
67557,72
559937,21
grasp - 1 ladrao - tempos: 
0,03
0,36
6,19
0,9
8,64
29,96
43,15
grasp - 2 ladrao - valores: 
2088,26
-89281,41
-338339,0
54192,29
272277,17
-307608,55
-226624,4
grasp - 2 ladrao - tempos: 
0,1
0,4
12,81
3,38
32,44
101,44
896,11
grasp - 3 ladrao - valores: 
-12128,32
-133438,27
-914004,22
-39118,39
92635,71
-501613,96
-1079869,24
grasp - 3 ladrao - tempos: 
0,1
0,45
21,28
3,08
23,11
51,13
434,03
grasp - 4 ladrao - valores: 
-17900,61
-163899,41
-1271705,27
-94288,78
-73176,13
-645346,17
-1814100,07
grasp - 4 ladrao - tempos: 
0,08
0,65
19,93
3,49
46,78
17,66
805,68
grasp - 5 ladrao - valores: 
-20147,94
-249903,28
-1499717,34
-177929,58
-190320,78
-840325,25
-1474013,77
grasp - 5 ladrao - tempos: 
0,07
0,52
24,52
5,42
37,69
28,21
581,18
vns - 1 ladrao - valores: 
18678,83
72054,56
194257,09
145944,23
354085,57
-456511,21
722188,88
vns - 1 ladrao - tempos: 
5,19
603,51
668,43
627,05
694,08
605,32
622,24
vns - 2 ladrao - valores: 
18895,48
35548,92
-95991,46
155803,08
361840,39
-305317,06
73338,61
vns - 2 ladrao - tempos: 
2,19
273,71
601,14
610,91
612,23
656,58
621,61
vns - 3 ladrao - valores: 
16749,26
6632,83
-564955,62
134273,69
249796,6
-667048,37
-640424,22
vns - 3 ladrao - tempos: 
1,2
256,64
601,4
607,94
640,63
606,19
652,01
vns - 4 ladrao - valores: 
16146,08
-25064,76
-1071901,18
123495,26
179247,86
-915334,53
-1136476,37
vns - 4 ladrao - tempos: 
1,38
223,66
618,36
606,13
618,35
603,49
609,0
vns - 5 ladrao - valores: 
13743,12
-45006,97
-1567812,03
110102,89
101795,6
-1183364,83
-1643550,83
vns - 5 ladrao - tempos: 
0,51
183,8
667,72
600,43
668,65
648,21
702,98
